 N=         3000  S=    978.094875813985709101      
 P=    297.142055009026080370      
 N=         4000  S=    2799.54473829903872684      
 P=    865.800992898002732545      
 N=         5000  S=    5067.12294852902414277      
 P=    1595.22695072996430099      
